 0 
 0 
 0 
 0 
 0 
 0 
 0 
 0 
 0 
 0 
 0 
 0 
 0 
 0 
 0 
 0 
 0 
 0 
 0 
 0 
 0 
 0 
 0 
 0 
 0 
 0 
 0 
 0 
 0 
 0 
 0 
 0 
 0 
 0 
 0 
 0 
 0 
 0 
 0 
 0 
 0 
 0 
 0 
 0 
 0 
 0 
 0 
 0 
 0 
 0 
 0 
 0 
 0 
 0 
 0 
 0 
 0 
 0 
 0 
 0 
 0 
 0 
 0 
 0 
 0 
 0 
 0 
 0 
 0 
 0 
 0 
 0 
 0 
 0 
 0 
 0 
 0 
 0 
 0 
 0 
 0 
 0 
 0 
 0 
 0 
 0 
 0 
 0 
 0 
 0 
 0 
 0 
 0 
 0 
 0 
 0 
 1 
 2 
 4 
 9 
 22 
 47 
 88 
 154 
 230 
 294 
 354 
 402 
 394 
 349 
 311 
 273 
 231 
 185 
 142 
 115 
 98 
 88 
 83 
 71 
 60 
 48 
 36 
 32 
 28 
 24 
 20 
 16 
 16 
 15 
 14 
 12 
 10 
 9 
 6 
 5 
 6 
 5 
 4 
 5 
 6 
 6 
 5 
 3 
 4 
 7 
 6 
 4 
 4 
 6 
 4 
 3 
 5 
 5 
 4 
 4 
 3 
 3 
 4 
 4 
 4 
 2 
 2 
 2 
 1 
 1 
 1 
 2 
 2 
 2 
 2 
 2 
 1 
 1 
 1 
 1 
 2 
 2 
 1 
 1 
 1 
 2 
 1 
 1 
 1 
 1 
 2 
 2 
 1 
 1 
 1 
 1 
 1 
 1 
 0 
 0 
 1 
 1 
 1 
 2 
 2 
 2 
 1 
 1 
 1 
 0 
 0 
 1 
 1 
 1 
 0 
 0 
 0 
 0 
 0 
 0 
 1 
 2 
 2 
 2 
 1 
 1 
 1 
 1 
 1 
 1 
 1 
 1 
 1 
 1 
 1 
 1 
 1 
 0 
 0 
 1 
 1 
 1 
 1 
 0 
 0 
 1 
 2 
 2 
 2 
 2 
 1 
 1 
 1 
 2 
 1 
 1 
 1 
 1 
 2 
 2 
 2 
 1 
 0 
 0 
 0 
 0 
 1 
 1 
 1 
 1 
 1 
 0 
 0 
 0 
 0 
 1 
 1 
 1 
 0 
 0 
 1 
 2 
 1 
 1 
 1 
 0 
 0 
 1 
 2 
 1 
 2 
 2 
 2 
 2 
 2 
 2 
 1 
 1 
 1 
 2 
 3 
 2 
 2 
 2 
 1 
 0 
 0 
 0 
 0 
 1 
 2 
 3 
 2 
 1 
 1 
 1 
 1 
 1 
 2 
 2 
 2 
 2 
 1 
 2 
 2 
 2 
 3 
 4 
 2 
 2 
 2 
 2 
 2 
 2 
 2 
 4 
 4 
 2 
 1 
 1 
 2 
 3 
 2 
 1 
 1 
 2 
 2 
 1 
 2 
 4 
 5 
 4 
 3 
 2 
 2 
 3 
 4 
 3 
 3 
 4 
 5 
 4 
 3 
 4 
 6 
 4 
 2 
 1 
 3 
 4 
 3 
 2 
 2 
 2 
 2 
 3 
 4 
 3 
 2 
 2 
 4 
 4 
 4 
 3 
 2 
 2 
 3 
 2 
 2 
 2 
 3 
 4 
 3 
 1 
 1 
 2 
 2 
 2 
 3 
 3 
 2 
 2 
 2 
 1 
 0 
 0 
 0 
 0 
 1 
 1 
 1 
 0 
 0 
 0 
 0 
 1 
 1 
 1 
 1 
 2 
 1 
 0 
 0 
 0 
 0 
 0 
 1 
 1 
 2 
 2 
 1 
 0 
 0 
 0 
 0 
 0 
 0 
 1 
 1 
 0 
 0 
 0 
 0 
 0 
 0 
 0 
 0 
 0 
 0 
 0 
 0 
 0 
 0 
 1 
 2 
 1 
 1 
 0 
 0 
 0 
 1 
 2 
 2 
 1 
 0 
 0 
 1 
 2 
 1 
 1 
 1 
 1 
 2 
 1 
 0 
 0 
 0 
 0 
 0 
 0 
 0 
 0 
 1 
 1 
 1 
 1 
 1 
 0 
 0 
 0 
 1 
 2 
 1 
 1 
 1 
 2 
 1 
 0 
 0 
 0 
 0 
 0 
 1 
 1 
 1 
 0 
 0 
 1 
 1 
 0 
 0 
 0 
 1 
 1 
 1 
 0 
 0 
 0 
 0 
 0 
 0 
 0 
 0 
 0 
 0 
 0 
 0 
 0 
 0 
 0 
 0 
 0 
 0 
 0 
 0 
 0 
 0 
 0 
 0 
 0 
 0 
 0 
 0 
 0 
 0 
 0 
 1 
 2 
 2 
 1 
 0 
 0 
 0 
 0 
 0 
 0 
 0 
 0 
 1 
 1 
 0 
 0 
 0 
 0 
 0 
 0 
 0 
 0 
 1 
 1 
 1 
 1 
 0 
 0 
 0 
 0 
 0 
 0 
 0 
 0 
 0 
 0 
 0 
 0 
 0 
 0 
 0 
 0 
 1 
 1 
 0 
 0 
 0 
 0 
 0 
 1 
 1 
 0 
 0 
 0 
 0 
 1 
 1 
 0 
 0 
 0 
 0 
 0 
 0 
 0 
 0 
 0 
 0 
 1 
 2 
 1 
 0 
 0 
 0 
 0 
 0 
 0 
 0 
 0 
 0 
 0 
 0 
 1 
 1 
 0 
 0 
 0 
 1 
 0 
 0 
 1 
 1 
 0 
 0 
 0 
 1 
 1 
 0 
 0 
 1 
 1 
 0 
 0 
 0 
 0 
 0 
 0 
 0 
 0 
 0 
 0 
 0 
 0 
 0 
 0 
 0 
 0 
 0 
 0 
 0 
 0 
 0 
 0 
 0 
 0 
 0 
 0 
 0 
 0 
 0 
 0 
 0 
 0 
 0 
 0 
 0 
 0 
 0 
 1 
 1 
 0 
 0 
 0 
 0 
 0 
 0 
 0 
 0 
 0 
 1 
 2 
 2 
 1 
 0 
 0 
 0 
 0 
 0 
 0 
 0 
 0 
 1 
 2 
 1 
 0 
 0 
 0 
 0 
 0 
 0 
 0 
 0 
 0 
 0 
 1 
 1 
 1 
 0 
 0 
 0 
 0 
 0 
 0 
 0 
 0 
 0 
 0 
 0 
 0 
 0 
 1 
 1 
 0 
 0 
 0 
 0 
 0 
 0 
 0 
 0 
 0 
 0 
 0 
 0 
 0 
 0 
 0 
 0 
 0 
 0 
 0 
 0 
 0 
 0 
 0 
 1 
 0 
 0 
 0 
 0 
 1 
 1 
 0 
 0 
 0 
 0 
 0 
 0 
 0 
 0 
 0 
 0 
 1 
 1 
 0 
 0 
 0 
 1 
 0 
 0 
 0 
 0 
 0 
 0 
 0 
 0 
 0 
 0 
 0 
 0 
 0 
 1 
 0 
 0 
 0 
 0 
 0 
 0 
 0 
 0 
 0 
 0 
 0 
 1 
 1 
 0 
 0 
 0 
 0 
 0 
 0 
 0 
 0 
 0 
 0 
 0 
 0 
 0 
 1 
 0 
 0 
 0 
 0 
 0 
 0 
 0 
 0 
 0 
 0 
 0 
 1 
 1 
 0 
 0 
 0 
 0 
 0 
 0 
 0 
 0 
 0 
 0 
 0 
 0 
 0 
 0 
 0 
 0 
 0 
 0 
 0 
 0 
 0 
 0 
 0 
 1 
 0 
 0 
 1 
 1 
 0 
 0 
 0 
 0 
 0 
 0 
 0 
 0 
 0 
 0 
 0 
 0 
 0 
 0 
 0 
 0 
 0 
 0 
 0 
 0 
 0 
 0 
 0 
 0 
 0 
 0 
 0 
 0 
 0 
 0 
 0 
 0 
 0 
 1 
 1 
 0 
 0 
 0 
 0 
 0 
 0 
 0 
 0 
 0 
 0 
 0 
 0 
 0 
 0 
 0 
 0 
 0 
 0 
 0 
 0 
 0 
 0 
 1 
 0 
 0 
 0 
 0 
 0 
 0 
 0 
 0 
 0 
 0 
 0 
 0 
 0 
 0 
 0 
 0 
 0 
 0 
 0 
 0 
 0 
 0 
 0 
 0 
 0 
 0 
 1 
 1 
 0 
 0 
 0 
 0 
 0 
 0 
 0 
 0 
 0 
 0 
 1 
 1 
 0 
 0 
 0 
 0 
 0 
 0 
 0 
 0 
 0 
 0 
 0 
 0 
 0 
 0 
 0 
 0 
 0 
 0 
 0 
 0 
 0 
 0 
 0 
 0 
 0 
 1 
 1 
 0 
 0 
 0 
 0 
 0 
 0 
 0 
 0 
 0 
 0 
 0 
 0 
 0 
 0 
 0 
 0 
 0 
 0 
 0 
 0 
 0 
 0 
 0 
 0 
 0 
 0 
 0 
 0 
 0 
 0 
 0 
 0 
 0 
 0 
 0 
 16 
 0 
 0 
