 0 
 0 
 0 
 0 
 0 
 0 
 0 
 0 
 0 
 0 
 0 
 0 
 0 
 0 
 0 
 0 
 0 
 0 
 0 
 0 
 0 
 0 
 0 
 0 
 0 
 0 
 0 
 0 
 0 
 0 
 0 
 0 
 0 
 0 
 0 
 0 
 0 
 0 
 0 
 0 
 0 
 0 
 0 
 0 
 0 
 0 
 0 
 0 
 0 
 0 
 0 
 0 
 0 
 0 
 0 
 0 
 0 
 0 
 0 
 0 
 0 
 0 
 0 
 0 
 0 
 0 
 0 
 0 
 0 
 0 
 0 
 0 
 0 
 0 
 0 
 0 
 0 
 0 
 0 
 0 
 0 
 0 
 0 
 0 
 0 
 0 
 0 
 0 
 0 
 0 
 0 
 0 
 0 
 0 
 0 
 0 
 0 
 0 
 0 
 0 
 1 
 1 
 1 
 2 
 3 
 4 
 6 
 9 
 9 
 7 
 5 
 5 
 6 
 8 
 8 
 7 
 8 
 10 
 10 
 6 
 5 
 6 
 7 
 6 
 6 
 7 
 6 
 4 
 4 
 4 
 3 
 6 
 8 
 8 
 8 
 8 
 9 
 8 
 8 
 7 
 6 
 6 
 8 
 7 
 6 
 6 
 6 
 8 
 9 
 11 
 10 
 6 
 4 
 4 
 6 
 6 
 6 
 6 
 6 
 7 
 6 
 7 
 9 
 10 
 10 
 7 
 5 
 4 
 4 
 4 
 5 
 6 
 5 
 4 
 3 
 4 
 4 
 4 
 4 
 4 
 4 
 4 
 3 
 2 
 2 
 3 
 4 
 6 
 6 
 3 
 2 
 5 
 6 
 5 
 4 
 5 
 5 
 4 
 2 
 3 
 6 
 5 
 2 
 2 
 5 
 6 
 6 
 4 
 5 
 6 
 6 
 4 
 4 
 5 
 4 
 4 
 4 
 4 
 4 
 4 
 5 
 7 
 6 
 6 
 8 
 6 
 7 
 10 
 12 
 12 
 12 
 13 
 12 
 12 
 12 
 11 
 9 
 9 
 11 
 11 
 12 
 14 
 15 
 16 
 19 
 22 
 21 
 22 
 24 
 26 
 31 
 33 
 34 
 37 
 40 
 37 
 38 
 41 
 43 
 47 
 51 
 56 
 61 
 65 
 68 
 67 
 72 
 80 
 77 
 68 
 66 
 70 
 68 
 62 
 60 
 62 
 62 
 60 
 53 
 48 
 50 
 50 
 43 
 40 
 34 
 26 
 19 
 16 
 18 
 16 
 14 
 14 
 12 
 8 
 7 
 6 
 4 
 2 
 1 
 1 
 2 
 3 
 3 
 2 
 1 
 0 
 0 
 0 
 0 
 0 
 0 
 0 
 0 
 0 
 0 
 0 
 0 
 0 
 0 
 0 
 0 
 0 
 0 
 0 
 0 
 0 
 0 
 0 
 0 
 0 
 0 
 0 
 0 
 0 
 0 
 0 
 0 
 0 
 0 
 0 
 0 
 0 
 0 
 0 
 0 
 0 
 0 
 0 
 0 
 0 
 0 
 0 
 0 
 0 
 0 
 0 
 0 
 0 
 0 
 0 
 0 
 0 
 0 
 0 
 0 
 0 
 0 
 0 
 0 
 0 
 0 
 0 
 0 
 0 
 0 
 0 
 0 
 0 
 0 
 0 
 0 
 0 
 0 
 0 
 0 
 0 
 0 
 0 
 0 
 0 
 0 
 0 
 0 
 0 
 0 
 0 
 0 
 0 
 0 
 0 
 0 
 0 
 0 
 0 
 0 
 0 
 0 
 1 
 1 
 0 
 0 
 0 
 0 
 0 
 0 
 0 
 0 
 0 
 0 
 0 
 0 
 0 
 0 
 0 
 0 
 0 
 0 
 0 
 0 
 0 
 0 
 0 
 0 
 0 
 0 
 0 
 0 
 0 
 0 
 0 
 0 
 0 
 0 
 0 
 0 
 0 
 0 
 0 
 0 
 0 
 0 
 0 
 0 
 0 
 0 
 0 
 0 
 0 
 0 
 0 
 0 
 0 
 0 
 0 
 0 
 0 
 0 
 0 
 0 
 0 
 0 
 0 
 0 
 0 
 0 
 0 
 0 
 0 
 0 
 0 
 0 
 0 
 0 
 0 
 0 
 0 
 0 
 0 
 0 
 0 
 0 
 0 
 0 
 0 
 0 
 0 
 0 
 0 
 0 
 0 
 0 
 0 
 0 
 0 
 0 
 0 
 0 
 0 
 0 
 0 
 0 
 0 
 0 
 0 
 0 
 0 
 0 
 0 
 0 
 0 
 0 
 0 
 0 
 0 
 0 
 0 
 0 
 0 
 0 
 0 
 0 
 0 
 0 
 0 
 0 
 0 
 0 
 0 
 0 
 0 
 0 
 0 
 0 
 0 
 0 
 0 
 0 
 0 
 0 
 0 
 0 
 0 
 0 
 0 
 0 
 0 
 0 
 0 
 0 
 0 
 0 
 0 
 0 
 0 
 0 
 0 
 0 
 0 
 0 
 0 
 0 
 0 
 0 
 0 
 0 
 0 
 0 
 0 
 0 
 0 
 0 
 0 
 0 
 0 
 0 
 0 
 0 
 0 
 0 
 0 
 0 
 0 
 0 
 0 
 0 
 0 
 0 
 0 
 0 
 0 
 0 
 0 
 0 
 0 
 0 
 0 
 0 
 0 
 0 
 0 
 0 
 0 
 0 
 0 
 0 
 0 
 0 
 0 
 0 
 0 
 0 
 0 
 0 
 0 
 0 
 0 
 0 
 0 
 0 
 0 
 0 
 0 
 0 
 0 
 0 
 0 
 0 
 0 
 0 
 0 
 0 
 0 
 0 
 0 
 0 
 0 
 0 
 0 
 0 
 0 
 0 
 0 
 0 
 0 
 0 
 0 
 0 
 0 
 0 
 0 
 0 
 0 
 0 
 0 
 0 
 0 
 0 
 0 
 0 
 0 
 0 
 0 
 0 
 0 
 0 
 0 
 0 
 0 
 0 
 0 
 0 
 0 
 0 
 0 
 0 
 0 
 0 
 0 
 0 
 0 
 0 
 0 
 0 
 0 
 0 
 0 
 0 
 0 
 0 
 0 
 0 
 0 
 0 
 0 
 0 
 0 
 0 
 0 
 0 
 0 
 0 
 0 
 0 
 0 
 0 
 0 
 0 
 0 
 0 
 0 
 0 
 0 
 0 
 0 
 0 
 0 
 0 
 0 
 0 
 0 
 0 
 0 
 0 
 0 
 0 
 0 
 0 
 0 
 0 
 0 
 0 
 0 
 0 
 0 
 0 
 0 
 0 
 0 
 0 
 0 
 0 
 0 
 0 
 0 
 0 
 0 
 0 
 0 
 0 
 0 
 0 
 0 
 0 
 0 
 0 
 0 
 0 
 0 
 0 
 0 
 0 
 0 
 0 
 0 
 0 
 0 
 0 
 0 
 0 
 0 
 0 
 0 
 0 
 0 
 0 
 0 
 0 
 0 
 0 
 0 
 0 
 0 
 0 
 0 
 0 
 0 
 0 
 0 
 0 
 0 
 0 
 0 
 0 
 0 
 0 
 0 
 0 
 0 
 0 
 0 
 0 
 0 
 0 
 0 
 0 
 0 
 0 
 0 
 0 
 0 
 0 
 0 
 0 
 0 
 0 
 0 
 0 
 0 
 0 
 0 
 0 
 0 
 0 
 0 
 0 
 0 
 0 
 0 
 0 
 0 
 0 
 0 
 0 
 0 
 0 
 0 
 0 
 0 
 0 
 0 
 0 
 0 
 0 
 0 
 0 
 0 
 0 
 0 
 0 
 0 
 0 
 0 
 0 
 0 
 0 
 0 
 0 
 0 
 0 
 0 
 0 
 0 
 0 
 0 
 0 
 0 
 0 
 0 
 0 
 0 
 0 
 0 
 0 
 0 
 0 
 0 
 0 
 0 
 0 
 0 
 0 
 0 
 0 
 0 
 0 
 0 
 0 
 0 
 0 
 0 
 0 
 0 
 0 
 0 
 0 
 0 
 0 
 0 
 0 
 0 
 0 
 0 
 0 
 0 
 0 
 0 
 0 
 0 
 0 
 0 
 0 
 0 
 0 
 0 
 0 
 0 
 0 
 0 
 0 
 0 
 0 
 0 
 0 
 0 
 0 
 0 
 0 
 0 
 0 
 0 
 0 
 0 
 0 
 0 
 0 
 0 
 0 
 0 
 0 
 0 
 0 
 0 
 0 
 0 
 0 
 0 
 0 
 0 
 0 
 0 
 0 
 0 
 0 
 0 
 0 
 0 
 0 
 0 
 0 
 0 
 0 
 0 
 0 
 0 
 0 
 0 
 0 
 0 
 0 
 0 
 0 
 0 
 0 
 0 
 0 
 0 
 0 
 0 
 0 
 0 
 0 
 0 
 0 
 0 
 0 
 0 
 0 
 0 
 0 
 0 
 0 
 0 
 0 
 0 
 0 
 0 
 0 
 0 
 0 
 0 
 0 
 0 
 0 
 0 
 0 
 0 
 0 
 0 
 0 
 0 
 0 
 0 
 0 
 0 
